0
0 1
0 2
0 3
0 2 4
0 2 5
0 1 6
0 2 7
0 3 8
0 2 5 9
0 1 6 10
1 0
1
1 0 2
1 0 3
1 0 2 4
1 0 2 5
1 6
1 0 2 7
1 0 3 8
1 6 10 9
1 6 10
2 0
2 0 1
2
2 0 3
2 4
2 5
2 0 1 6
2 7
2 0 3 8
2 5 9
2 5 9 10
3 0
3 0 1
3 0 2
3
3 0 2 4
3 0 2 5
3 0 1 6
3 0 2 7
3 8
3 8 9
3 8 9 10
4 2 0
4 2 0 1
4 2
4 2 0 3
4
4 2 5
4 2 0 1 6
4 2 7
4 2 0 3 8
4 2 5 9
4 2 5 9 10
5 2 0
5 2 0 1
5 2
5 2 0 3
5 2 4
5
5 9 10 6
5 2 7
5 9 8
5 9
5 9 10
6 1 0
6 1
6 1 0 2
6 1 0 3
6 1 0 2 4
6 10 9 5
6
6 1 0 2 7
6 10 9 8
6 10 9
6 10
7 2 0
7 2 0 1
7 2
7 2 0 3
7 2 4
7 2 5
7 2 0 1 6
7
7 2 0 3 8
7 2 5 9
7 2 5 9 10
8 3 0
8 3 0 1
8 3 0 2
8 3
8 3 0 2 4
8 9 5
8 9 10 6
8 3 0 2 7
8
8 9
8 9 10
9 5 2 0
9 10 6 1
9 5 2
9 8 3
9 5 2 4
9 5
9 10 6
9 5 2 7
9 8
9
9 10
10 6 1 0
10 6 1
10 9 5 2
10 9 8 3
10 9 5 2 4
10 9 5
10 6
10 9 5 2 7
10 9 8
10 9
10